0.0000258886 0.0000169165 -0.0000038691  
0.0000169165 0.0001462911 -0.0000571721  
-0.0000038691 -0.0000571721 0.0000617929  
0.0000744309 0.0000233103 0.0000683535  
0.0000233103 0.0001575855 -0.0000703727  
0.0000683535 -0.0000703727 0.0002649319  
0.0000659726 -0.0000008541 0.0000535471  
-0.0000008541 0.0000294954 -0.0000007908  
0.0000535471 -0.0000007908 0.0001171356  
0.0000419239 0.0000125882 0.0000181422  
0.0000125882 0.0001611017 -0.0000314804  
0.0000181422 -0.0000314804 0.0001737733  
0.0000528586 -0.0000210114 0.0000458369  
-0.0000210114 0.0000369117 -0.0000288617  
0.0000458369 -0.0000288617 0.0000873573  
0.0000396964 0.0000403134 0.0000079694  
0.0000403134 0.0001368460 0.0000207273  
0.0000079694 0.0000207273 0.0000307340  
0.0001651053 -0.0000521032 0.0001138733  
-0.0000521032 0.0000591362 -0.0000581794  
0.0001138733 -0.0000581794 0.0001277462  
0.0000895327 0.0000101273 0.0000052836  
0.0000101273 0.0001532418 -0.0000502287  
0.0000052836 -0.0000502287 0.0001546349  
0.0000409873 0.0000011959 -0.0000141943  
0.0000011959 0.0000233186 0.0000005360  
-0.0000141943 0.0000005360 0.0000315267  
0.0000454878 0.0000026683 0.0000591152  
0.0000026683 0.0000652204 -0.0000134728  
0.0000591152 -0.0000134728 0.0002297904  
0.0000540432 -0.0000070685 0.0000275639  
-0.0000070685 0.0000244401 -0.0000073776  
0.0000275639 -0.0000073776 0.0000437731  
0.0000426597 -0.0000253960 0.0000346937  
-0.0000253960 0.0000697538 -0.0000697462  
0.0000346937 -0.0000697462 0.0001442807  
0.0000238769 -0.0000017431 -0.0000014866  
-0.0000017431 0.0000537262 -0.0000090825  
-0.0000014866 -0.0000090825 0.0000682898  
0.0000511628 0.0000111828 0.0000239665  
0.0000111828 0.0000833845 -0.0000449042  
0.0000239665 -0.0000449042 0.0001233563  
0.0001166479 0.0000404265 0.0000292518  
0.0000404265 0.0001341750 -0.0000752494  
0.0000292518 -0.0000752494 0.0001218101  
0.0000746883 -0.0000048387 0.0001246307  
-0.0000048387 0.0001625367 -0.0000875937  
0.0001246307 -0.0000875937 0.0003827202  
0.0000291078 -0.0000198106 -0.0000114918  
-0.0000198106 0.0001813152 0.0001070156  
-0.0000114918 0.0001070156 0.0001051112  
0.0000216230 -0.0000014701 0.0000029892  
-0.0000014701 0.0000221712 -0.0000030614  
0.0000029892 -0.0000030614 0.0000270899  
0.0001264216 -0.0000258973 0.0000384208  
-0.0000258973 0.0000597766 -0.0000381434  
0.0000384208 -0.0000381434 0.0002825979  
0.0000340341 -0.0000056537 0.0000430358  
-0.0000056537 0.0000626933 -0.0000343949  
0.0000430358 -0.0000343949 0.0001776596  
0.0000511090 -0.0000098139 0.0000392698  
-0.0000098139 0.0000264893 -0.0000101121  
0.0000392698 -0.0000101121 0.0000900699  
0.0000403340 0.0000171622 0.0000549841  
0.0000171622 0.0000613330 0.0000319431  
0.0000549841 0.0000319431 0.0001960067  
