0.0000769447 -0.0000213270 0.0000434523 -0.0001013832 0.0000719205 0.0000102511 -0.0002065294 0.0000729917 0.0001189523  
-0.0000213270 0.0000406315 -0.0000251185 -0.0001010411 0.0000709112 0.0000051929 0.0001149356 0.0000076412 -0.0000018870  
0.0000434523 -0.0000251185 0.0000713405 0.0000222254 -0.0001359679 0.0000808920 -0.0000119086 -0.0000823736 -0.0001335433  
-0.0001013832 -0.0001010411 0.0000222254 0.0026970840 -0.0018594505 -0.0001504475 -0.0014072096 -0.0006473635 -0.0006400715  
0.0000719205 0.0000709112 -0.0001359679 -0.0018594505 0.0077466560 -0.0042213761 0.0006156114 0.0050461459 0.0075670105  
0.0000102511 0.0000051929 0.0000808920 -0.0001504475 -0.0042213761 0.0029824615 0.0003209366 -0.0030933806 -0.0047592271  
-0.0002065294 0.0001149356 -0.0000119086 -0.0014072096 0.0006156114 0.0003209366 0.0066827718 -0.0009200492 -0.0021468627  
0.0000729917 0.0000076412 -0.0000823736 -0.0006473635 0.0050461459 -0.0030933806 -0.0009200492 0.0036831635 0.0056081481  
0.0001189523 -0.0000018870 -0.0001335433 -0.0006400715 0.0075670105 -0.0047592271 -0.0021468627 0.0056081481 0.0088006581  
0.0000420691 -0.0000308334 0.0000460186 -0.0001804916 -0.0000608837 0.0000333413 0.0000257422 0.0000034909 -0.0000276591  
-0.0000308334 0.0000700882 -0.0000661446 0.0002580770 0.0000857006 -0.0000461058 -0.0000644834 -0.0000116189 0.0000398987  
0.0000460186 -0.0000661446 0.0001226127 -0.0003925923 -0.0001096201 0.0000685303 0.0002146775 0.0000594924 -0.0000552284  
-0.0001804916 0.0002580770 -0.0003925923 0.0018899362 0.0004352322 -0.0003021699 -0.0009388812 -0.0002499721 0.0001532368  
-0.0000608837 0.0000857006 -0.0001096201 0.0004352322 0.0009743129 -0.0002207753 0.0005483235 0.0003199668 0.0007857303  
0.0000333413 -0.0000461058 0.0000685303 -0.0003021699 -0.0002207753 0.0000970876 0.0000026720 -0.0000298759 -0.0001565814  
0.0000257422 -0.0000644834 0.0002146775 -0.0009388812 0.0005483235 0.0000026720 0.0057548063 0.0018274830 0.0001012589  
0.0000034909 -0.0000116189 0.0000594924 -0.0002499721 0.0003199668 -0.0000298759 0.0018274830 0.0006316345 0.0001620308  
-0.0000276591 0.0000398987 -0.0000552284 0.0001532368 0.0007857303 -0.0001565814 0.0001012589 0.0001620308 0.0007484813  
0.0000351288 -0.0000206999 -0.0000117999 -0.0001741370 0.0001381649 0.0000111208 -0.0002067661 -0.0000337277 0.0001892367  
-0.0000206999 0.0002235081 0.0000680204 0.0003139220 -0.0006592676 0.0000009348 0.0000744396 -0.0000260266 -0.0006825047  
-0.0000117999 0.0000680204 0.0000616351 0.0002188390 -0.0002383660 -0.0000057436 0.0000352434 -0.0000055228 -0.0002643936  
-0.0001741370 0.0003139220 0.0002188390 0.0026337046 -0.0018016103 -0.0001640753 0.0015430738 0.0002161210 -0.0023584835  
0.0001381649 -0.0006592676 -0.0002383660 -0.0018016103 0.0032691113 0.0000528918 -0.0015780684 -0.0001662949 0.0036340584  
0.0000111208 0.0000009348 -0.0000057436 -0.0001640753 0.0000528918 0.0000382218 -0.0000829163 -0.0000164368 0.0000893607  
-0.0002067661 0.0000744396 0.0000352434 0.0015430738 -0.0015780684 -0.0000829163 0.0054251211 0.0010085733 -0.0025523089  
-0.0000337277 -0.0000260266 -0.0000055228 0.0002161210 -0.0001662949 -0.0000164368 0.0010085733 0.0002242746 -0.0003454758  
0.0001892367 -0.0006825047 -0.0002643936 -0.0023584835 0.0036340584 0.0000893607 -0.0025523089 -0.0003454758 0.0042583437  
0.0000302756 0.0000166817 0.0000010174 -0.0000579522 0.0001723653 -0.0000035808 0.0002169173 -0.0000393119 0.0001645978  
0.0000166817 0.0001187147 -0.0000299470 -0.0001010582 0.0003151240 -0.0000094182 0.0001792530 -0.0000392819 0.0002833295  
0.0000010174 -0.0000299470 0.0000358994 0.0000071789 -0.0000052262 0.0000012343 0.0000936622 -0.0000122016 0.0000042132  
-0.0000579522 -0.0001010582 0.0000071789 0.0009642014 -0.0012461139 0.0000319153 -0.0008713346 0.0001618622 -0.0010563285  
0.0001723653 0.0003151240 -0.0000052262 -0.0012461139 0.0036579717 -0.0000708550 0.0043842324 -0.0008279775 0.0034402842  
-0.0000035808 -0.0000094182 0.0000012343 0.0000319153 -0.0000708550 0.0000231907 -0.0000625253 0.0000084535 -0.0000664949  
0.0002169173 0.0001792530 0.0000936622 -0.0008713346 0.0043842324 -0.0000625253 0.0074614445 -0.0014001869 0.0043695963  
-0.0000393119 -0.0000392819 -0.0000122016 0.0001618622 -0.0008279775 0.0000084535 -0.0014001869 0.0002997770 -0.0008186613  
0.0001645978 0.0002833295 0.0000042132 -0.0010563285 0.0034402842 -0.0000664949 0.0043695963 -0.0008186613 0.0033123797  
0.0000926118 -0.0000235378 0.0000764028 -0.0001478498 -0.0000064513 0.0000116629 0.0000983698 0.0000083216 -0.0000113014  
-0.0000235378 0.0000476159 -0.0000371949 0.0001792167 -0.0000233420 -0.0000140483 -0.0000279543 -0.0000069190 -0.0000338483  
0.0000764028 -0.0000371949 0.0002724841 -0.0001861318 -0.0001124256 0.0000471015 -0.0000560156 -0.0000253716 -0.0000924277  
-0.0001478498 0.0001792167 -0.0001861318 0.0026457012 -0.0009137607 -0.0001274009 -0.0001149051 -0.0001902633 -0.0011074173  
-0.0000064513 -0.0000233420 -0.0001124256 -0.0009137607 0.0015267828 -0.0001693327 0.0001113406 0.0002883561 0.0015751182  
0.0000116629 -0.0000140483 0.0000471015 -0.0001274009 -0.0001693327 0.0000718007 -0.0000388753 -0.0000354312 -0.0001560105  
0.0000983698 -0.0000279543 -0.0000560156 -0.0001149051 0.0001113406 -0.0000388753 0.0017028465 0.0001275537 -0.0001361692  
0.0000083216 -0.0000069190 -0.0000253716 -0.0001902633 0.0002883561 -0.0000354312 0.0001275537 0.0000843849 0.0002869197  
-0.0000113014 -0.0000338483 -0.0000924277 -0.0011074173 0.0015751182 -0.0001560105 -0.0001361692 0.0002869197 0.0017232410  
0.0000888354 0.0000256112 0.0001190157 -0.0000152272 -0.0001781558 0.0000300615 0.0003822245 -0.0002663252 -0.0001901817  
0.0000256112 0.0001575257 -0.0000410352 -0.0002580212 -0.0000871750 0.0000645330 0.0004764162 -0.0003420622 -0.0002472585  
0.0001190157 -0.0000410352 0.0003561554 0.0000100352 -0.0001989149 0.0000131338 0.0001964937 -0.0001571558 -0.0001904014  
-0.0000152272 -0.0002580212 0.0000100352 0.0034383458 -0.0004893215 -0.0005024681 -0.0002358708 0.0004247740 0.0014998800  
-0.0001781558 -0.0000871750 -0.0001989149 -0.0004893215 0.0025314195 -0.0003156283 -0.0005877771 0.0007820074 0.0019004172  
0.0000300615 0.0000645330 0.0000131338 -0.0005024681 -0.0003156283 0.0001635911 0.0001928472 -0.0002307691 -0.0005611127  
0.0003822245 0.0004764162 0.0001964937 -0.0002358708 -0.0005877771 0.0001928472 0.0050300118 -0.0031123654 -0.0009907596  
-0.0002663252 -0.0003420622 -0.0001571558 0.0004247740 0.0007820074 -0.0002307691 -0.0031123654 0.0020800174 0.0011221589  
-0.0001901817 -0.0002472585 -0.0001904014 0.0014998800 0.0019004172 -0.0005611127 -0.0009907596 0.0011221589 0.0025437638  
0.0001066522 0.0000084008 0.0000144054 -0.0004289357 -0.0001061360 0.0000311887 -0.0000228363 -0.0000125699 -0.0001111152  
0.0000084008 0.0000967040 -0.0000553881 0.0000632223 -0.0001774570 0.0000192933 0.0000317156 -0.0000226248 -0.0001750966  
0.0000144054 -0.0000553881 0.0001581533 -0.0002299292 0.0000557988 0.0000025896 0.0000492376 0.0000075697 0.0000464730  
-0.0004289357 0.0000632223 -0.0002299292 0.0034127110 0.0003652771 -0.0001871343 -0.0002084070 0.0000558357 0.0004249472  
-0.0001061360 -0.0001774570 0.0000557988 0.0003652771 0.0012878442 -0.0001644896 0.0001249296 0.0001463831 0.0012624993  
0.0000311887 0.0000192933 0.0000025896 -0.0001871343 -0.0001644896 0.0000502482 -0.0000020803 -0.0000207569 -0.0001670025  
-0.0000228363 0.0000317156 0.0000492376 -0.0002084070 0.0001249296 -0.0000020803 0.0008697837 0.0000017658 0.0000931429  
-0.0000125699 -0.0000226248 0.0000075697 0.0000558357 0.0001463831 -0.0000207569 0.0000017658 0.0000383389 0.0001466495  
-0.0001111152 -0.0001750966 0.0000464730 0.0004249472 0.0012624993 -0.0001670025 0.0000931429 0.0001466495 0.0012824704  
0.0001076761 -0.0000375323 0.0000752153 -0.0004117035 0.0004158242 0.0000712524 -0.0002194134 0.0001442827 0.0003578269  
-0.0000375323 0.0000706347 -0.0000432451 0.0003158450 -0.0003032384 -0.0000594482 0.0002237529 -0.0001228718 -0.0002756562  
0.0000752153 -0.0000432451 0.0001016198 -0.0003814098 0.0003266368 0.0000769822 -0.0001558016 0.0000950056 0.0002562100  
-0.0004117035 0.0003158450 -0.0003814098 0.0036213738 -0.0022263923 -0.0009014733 0.0011458856 -0.0005802313 -0.0015055243  
0.0004158242 -0.0003032384 0.0003266368 -0.0022263923 0.0048285353 -0.0000033498 -0.0019638065 0.0017844913 0.0048058788  
0.0000712524 -0.0000594482 0.0000769822 -0.0009014733 -0.0000033498 0.0003423172 -0.0000799791 -0.0000900609 -0.0002552002  
-0.0002194134 0.0002237529 -0.0001558016 0.0011458856 -0.0019638065 -0.0000799791 0.0026777980 -0.0014026422 -0.0024216326  
0.0001442827 -0.0001228718 0.0000950056 -0.0005802313 0.0017844913 -0.0000900609 -0.0014026422 0.0009782285 0.0020551785  
0.0003578269 -0.0002756562 0.0002562100 -0.0015055243 0.0048058788 -0.0002552002 -0.0024216326 0.0020551785 0.0051830685  
0.0000912367 -0.0000435738 0.0000684201 -0.0006008895 -0.0001554216 0.0001702635 -0.0004267813 -0.0000858618 0.0000473927  
-0.0000435738 0.0000765729 -0.0000513019 0.0005320560 -0.0000007492 -0.0000693428 0.0002013852 -0.0000043662 -0.0001377117  
0.0000684201 -0.0000513019 0.0001453646 -0.0007988868 0.0000315223 0.0000987859 -0.0005265622 -0.0000085355 0.0002684958  
-0.0006008895 0.0005320560 -0.0007988868 0.0071045774 -0.0002039277 -0.0008861498 0.0033314719 -0.0000565295 -0.0021287271  
-0.0001554216 -0.0000007492 0.0000315223 -0.0002039277 0.0031190754 -0.0015062461 0.0016683164 0.0015000620 0.0027688310  
0.0001702635 -0.0000693428 0.0000987859 -0.0008861498 -0.0015062461 0.0009103924 -0.0013544525 -0.0007500020 -0.0010596940  
-0.0004267813 0.0002013852 -0.0005265622 0.0033314719 0.0016683164 -0.0013544525 0.0049599232 0.0011499562 0.0002686897  
-0.0000858618 -0.0000043662 -0.0000085355 -0.0000565295 0.0015000620 -0.0007500020 0.0011499562 0.0007984318 0.0012922823  
0.0000473927 -0.0001377117 0.0002684958 -0.0021287271 0.0027688310 -0.0010596940 0.0002686897 0.0012922823 0.0030879282  
0.0000748265 -0.0000055114 0.0000311352 0.0000371134 -0.0000075649 -0.0000132290 0.0001459003 -0.0000176713 0.0000252625  
-0.0000055114 0.0001516248 -0.0001282088 -0.0001977490 -0.0000827338 0.0000406992 0.0001829355 -0.0000715893 -0.0001452035  
0.0000311352 -0.0001282088 0.0002311349 -0.0000377241 -0.0001076246 -0.0000153205 -0.0000179712 0.0000075233 -0.0000635744  
0.0000371134 -0.0001977490 -0.0000377241 0.0066835883 -0.0010158250 0.0000602102 -0.0043107771 0.0009354182 0.0002641305  
-0.0000075649 -0.0000827338 -0.0001076246 -0.0010158250 0.0015658066 -0.0002957144 0.0008176592 0.0000850769 0.0013558032  
-0.0000132290 0.0000406992 -0.0000153205 0.0000602102 -0.0002957144 0.0000911439 -0.0000941532 -0.0000422779 -0.0003008614  
0.0001459003 0.0001829355 -0.0000179712 -0.0043107771 0.0008176592 -0.0000941532 0.0035801242 -0.0007128443 0.0000450444  
-0.0000176713 -0.0000715893 0.0000075233 0.0009354182 0.0000850769 -0.0000422779 -0.0007128443 0.0002189648 0.0002663342  
0.0000252625 -0.0001452035 -0.0000635744 0.0002641305 0.0013558032 -0.0003008614 0.0000450444 0.0002663342 0.0014555392  
0.0000554309 0.0000047589 -0.0000360518 0.0000065086 0.0002101586 -0.0000264873 -0.0008497492 -0.0006684705 0.0003821331  
0.0000047589 0.0000236255 -0.0000039943 -0.0000022923 0.0000811746 -0.0000083184 -0.0000506855 -0.0000341133 0.0000828781  
-0.0000360518 -0.0000039943 0.0000654260 -0.0000440887 -0.0001993208 0.0000316774 0.0011058186 0.0008019234 -0.0004197555  
0.0000065086 -0.0000022923 -0.0000440887 0.0002203218 -0.0000370664 -0.0000302711 -0.0011986205 -0.0006762240 0.0001845461  
0.0002101586 0.0000811746 -0.0001993208 -0.0000370664 0.0023088572 -0.0002494632 -0.0037403718 -0.0028511017 0.0028657568  
-0.0000264873 -0.0000083184 0.0000316774 -0.0000302711 -0.0002494632 0.0000536830 0.0006762719 0.0004814216 -0.0003655362  
-0.0008497492 -0.0000506855 0.0011058186 -0.0011986205 -0.0037403718 0.0006762719 0.0282825466 0.0203984227 -0.0095765006  
-0.0006684705 -0.0000341133 0.0008019234 -0.0006762240 -0.0028511017 0.0004814216 0.0203984227 0.0153235158 -0.0071259395  
0.0003821331 0.0000828781 -0.0004197555 0.0001845461 0.0028657568 -0.0003655362 -0.0095765006 -0.0071259395 0.0047150146  
0.0001838161 0.0001584656 0.0001015795 -0.0009362474 0.0001846464 0.0002775149 0.0004773557 -0.0000487199 -0.0000463155  
0.0001584656 0.0003543735 -0.0000472076 -0.0007366266 0.0004700128 0.0002065419 0.0007709785 -0.0000596151 0.0002121618  
0.0001015795 -0.0000472076 0.0002352468 -0.0007009277 -0.0002319326 0.0002186645 0.0000154381 -0.0000217814 -0.0003364895  
-0.0009362474 -0.0007366266 -0.0007009277 0.0062394191 -0.0008368202 -0.0018204975 -0.0026952402 0.0002763080 0.0005725359  
0.0001846464 0.0004700128 -0.0002319326 -0.0008368202 0.0021094506 0.0002409175 0.0012512734 -0.0000551159 0.0016874552  
0.0002775149 0.0002065419 0.0002186645 -0.0018204975 0.0002409175 0.0005641928 0.0007851036 -0.0000824809 -0.0001814330  
0.0004773557 0.0007709785 0.0000154381 -0.0026952402 0.0012512734 0.0007851036 0.0023372469 -0.0001899131 0.0003749323  
-0.0000487199 -0.0000596151 -0.0000217814 0.0002763080 -0.0000551159 -0.0000824809 -0.0001899131 0.0000392897 0.0000255487  
-0.0000463155 0.0002121618 -0.0003364895 0.0005725359 0.0016874552 -0.0001814330 0.0003749323 0.0000255487 0.0016991450  
0.0000646317 -0.0000021199 0.0000765033 -0.0002296485 -0.0000892890 0.0000752908 -0.0001031063 -0.0000103126 -0.0000829874  
-0.0000021199 0.0000866223 -0.0000544656 0.0000213278 0.0000119019 -0.0000069725 0.0001822346 -0.0000214873 -0.0000424309  
0.0000765033 -0.0000544656 0.0002786422 -0.0003781576 -0.0002672044 0.0001421301 -0.0001847326 -0.0000315385 -0.0002499313  
-0.0002296485 0.0000213278 -0.0003781576 0.0027657790 0.0002947672 -0.0007735518 0.0006112471 0.0000771857 0.0003994422  
-0.0000892890 0.0000119019 -0.0002672044 0.0002947672 0.0011643557 -0.0002447575 -0.0002557726 0.0002135130 0.0012937341  
0.0000752908 -0.0000069725 0.0001421301 -0.0007735518 -0.0002447575 0.0002638638 -0.0001341585 -0.0000511731 -0.0002910105  
-0.0001031063 0.0001822346 -0.0001847326 0.0006112471 -0.0002557726 -0.0001341585 0.0032303894 -0.0003649024 -0.0010831613  
-0.0000103126 -0.0000214873 -0.0000315385 0.0000771857 0.0002135130 -0.0000511731 -0.0003649024 0.0000991307 0.0003303273  
-0.0000829874 -0.0000424309 -0.0002499313 0.0003994422 0.0012937341 -0.0002910105 -0.0010831613 0.0003303273 0.0017152900  
0.0000544047 -0.0000128569 0.0000392256 0.0000551740 -0.0000832258 -0.0000156194 -0.0001152915 0.0000477838 0.0000160941  
-0.0000128569 0.0000286129 -0.0000119107 -0.0000018048 0.0000228713 -0.0000071224 0.0000607904 -0.0000232110 -0.0000052012  
0.0000392256 -0.0000119107 0.0000874832 0.0003494248 -0.0001695362 -0.0001887466 -0.0001489843 0.0001337730 0.0001423104  
0.0000551740 -0.0000018048 0.0003494248 0.0042375091 -0.0011524107 -0.0024837747 -0.0012574781 0.0017599989 0.0022275343  
-0.0000832258 0.0000228713 -0.0001695362 -0.0011524107 0.0019454292 0.0001642591 0.0015738653 -0.0003422342 0.0004333591  
-0.0000156194 -0.0000071224 -0.0001887466 -0.0024837747 0.0001642591 0.0016575315 0.0003357153 -0.0010830034 -0.0016542737  
-0.0001152915 0.0000607904 -0.0001489843 -0.0012574781 0.0015738653 0.0003357153 0.0031347037 -0.0015759187 -0.0007218194  
0.0000477838 -0.0000232110 0.0001337730 0.0017599989 -0.0003422342 -0.0010830034 -0.0015759187 0.0015298651 0.0015843333  
0.0000160941 -0.0000052012 0.0001423104 0.0022275343 0.0004333591 -0.0016542737 -0.0007218194 0.0015843333 0.0023080309  
0.0000388853 0.0000347011 0.0000079878 0.0000875778 0.0000631036 -0.0000567360 0.0000319145 0.0000085160 0.0000888968  
0.0000347011 0.0001312857 0.0000120181 0.0002114292 -0.0000112395 -0.0001251167 0.0002997217 -0.0000962867 -0.0000697100  
0.0000079878 0.0000120181 0.0000320512 0.0001324082 -0.0000147639 -0.0000729266 0.0000221747 -0.0000105878 0.0000317617  
0.0000875778 0.0002114292 0.0001324082 0.0024332249 0.0009516021 -0.0013212138 0.0011017239 -0.0002173216 0.0015140000  
0.0000631036 -0.0000112395 -0.0000147639 0.0009516021 0.0046901697 -0.0006433549 0.0023416411 0.0000710248 0.0041580907  
-0.0000567360 -0.0001251167 -0.0000729266 -0.0013212138 -0.0006433549 0.0007632197 -0.0005961710 0.0000801453 -0.0009626325  
0.0000319145 0.0002997217 0.0000221747 0.0011017239 0.0023416411 -0.0005961710 0.0051791604 -0.0014807225 0.0003597871  
0.0000085160 -0.0000962867 -0.0000105878 -0.0002173216 0.0000710248 0.0000801453 -0.0014807225 0.0006118370 0.0007230265  
0.0000888968 -0.0000697100 0.0000317617 0.0015140000 0.0041580907 -0.0009626325 0.0003597871 0.0007230265 0.0048855719  
0.0000510626 0.0000495981 -0.0000011663 0.0000180886 0.0002033526 0.0000212991 0.0000573619 -0.0000232753 0.0002039570  
0.0000495981 0.0001641980 -0.0000405345 0.0001231107 0.0002920850 0.0000201014 0.0000837194 -0.0000292550 0.0002985337  
-0.0000011663 -0.0000405345 0.0000865216 0.0000298370 -0.0000547819 -0.0000047752 -0.0000150545 0.0000015976 -0.0000515701  
0.0000180886 0.0001231107 0.0000298370 0.0015335059 0.0013140204 0.0000685996 0.0003002281 -0.0001813061 0.0014153447  
0.0002033526 0.0002920850 -0.0000547819 0.0013140204 0.0036197361 0.0003440918 0.0010050464 -0.0004553364 0.0036772923  
0.0000212991 0.0000201014 -0.0000047752 0.0000685996 0.0003440918 0.0000604886 0.0001121144 -0.0000480272 0.0003476258  
0.0000573619 0.0000837194 -0.0000150545 0.0003002281 0.0010050464 0.0001121144 0.0005185405 -0.0001530114 0.0010146901  
-0.0000232753 -0.0000292550 0.0000015976 -0.0001813061 -0.0004553364 -0.0000480272 -0.0001530114 0.0000852294 -0.0004658791  
0.0002039570 0.0002985337 -0.0000515701 0.0014153447 0.0036772923 0.0003476258 0.0010146901 -0.0004658791 0.0037821221  
0.0000386401 0.0000212342 0.0000213940 -0.0000565539 -0.0001118859 0.0000154980 0.0000440693 -0.0000314337 -0.0001157525  
0.0000212342 0.0001810105 -0.0000159504 0.0000241371 -0.0000752574 0.0000133265 0.0001557405 -0.0000526683 -0.0000349317  
0.0000213940 -0.0000159504 0.0001909624 -0.0004768513 -0.0000382675 -0.0000400343 -0.0000387701 -0.0000198008 -0.0001674635  
-0.0000565539 0.0000241371 -0.0004768513 0.0020181935 0.0000891982 0.0001835735 0.0005468013 -0.0000300443 0.0006876464  
-0.0001118859 -0.0000752574 -0.0000382675 0.0000891982 0.0020413761 -0.0004069860 -0.0005633351 0.0004637006 0.0019039681  
0.0000154980 0.0000133265 -0.0000400343 0.0001835735 -0.0004069860 0.0001252978 0.0001755696 -0.0001010623 -0.0003218092  
0.0000440693 0.0001557405 -0.0000387701 0.0005468013 -0.0005633351 0.0001755696 0.0015344724 -0.0004532045 -0.0001675709  
-0.0000314337 -0.0000526683 -0.0000198008 -0.0000300443 0.0004637006 -0.0001010623 -0.0004532045 0.0002098165 0.0003719820  
-0.0001157525 -0.0000349317 -0.0001674635 0.0006876464 0.0019039681 -0.0003218092 -0.0001675709 0.0003719820 0.0020282459  
0.0000610775 -0.0000025997 0.0000442182 -0.0001967315 0.0000273428 0.0000944691 -0.0000968449 0.0000137914 0.0000148262  
-0.0000025997 0.0000296042 -0.0000052097 -0.0000327260 -0.0000372305 0.0000260494 0.0000357634 -0.0000274127 -0.0000659649  
0.0000442182 -0.0000052097 0.0000996709 -0.0001549213 0.0001267311 0.0000412787 0.0000009017 0.0000265365 0.0000978926  
-0.0001967315 -0.0000327260 -0.0001549213 0.0027645207 0.0000222710 -0.0014386822 -0.0002025489 0.0003645221 0.0009678982  
0.0000273428 -0.0000372305 0.0001267311 0.0000222710 0.0031230339 -0.0008532581 0.0011667357 0.0008210771 0.0028325131  
0.0000944691 0.0000260494 0.0000412787 -0.0014386822 -0.0008532581 0.0010091870 -0.0002321279 -0.0004114489 -0.0012690556  
-0.0000968449 0.0000357634 0.0000009017 -0.0002025489 0.0011667357 -0.0002321279 0.0022547563 -0.0002198649 0.0002358618  
0.0000137914 -0.0000274127 0.0000265365 0.0003645221 0.0008210771 -0.0004114489 -0.0002198649 0.0004315025 0.0010900909  
0.0000148262 -0.0000659649 0.0000978926 0.0009678982 0.0028325131 -0.0012690556 0.0002358618 0.0010900909 0.0032652554  
0.0000454232 -0.0000083182 0.0000280881 -0.0001147907 0.0000634150 0.0000031826 -0.0000146437 0.0000148088 0.0000568426  
-0.0000083182 0.0000916253 -0.0000330695 -0.0000138272 -0.0003627931 0.0000887915 -0.0001210624 -0.0000862203 -0.0003557362  
0.0000280881 -0.0000330695 0.0002119761 0.0001214728 0.0000106427 -0.0000238118 0.0001447499 -0.0000006335 0.0000044328  
-0.0001147907 -0.0000138272 0.0001214728 0.0040039473 0.0008384022 -0.0008785986 0.0008211829 0.0002258873 0.0010794050  
0.0000634150 -0.0003627931 0.0000106427 0.0008384022 0.0033111762 -0.0009367219 0.0006889131 0.0008013418 0.0033285092  
0.0000031826 0.0000887915 -0.0000238118 -0.0008785986 -0.0009367219 0.0004017096 -0.0002879532 -0.0002346925 -0.0009882272  
-0.0000146437 -0.0001210624 0.0001447499 0.0008211829 0.0006889131 -0.0002879532 0.0021380866 0.0000546589 0.0005287956  
0.0000148088 -0.0000862203 -0.0000006335 0.0002258873 0.0008013418 -0.0002346925 0.0000546589 0.0002256519 0.0008249201  
0.0000568426 -0.0003557362 0.0000044328 0.0010794050 0.0033285092 -0.0009882272 0.0005287956 0.0008249201 0.0034270270  
0.0000522893 0.0000166254 0.0000664944 0.0001531578 -0.0000461469 -0.0000162096 0.0002875572 -0.0001626854 0.0000019500  
0.0000166254 0.0000545333 0.0000275148 -0.0000092835 -0.0001963365 -0.0000027238 0.0001300433 -0.0000816838 -0.0001928970  
0.0000664944 0.0000275148 0.0001981695 0.0001324170 -0.0002134982 -0.0000181291 0.0004161261 -0.0002448287 -0.0001709392  
0.0001531578 -0.0000092835 0.0001324170 0.0062847284 0.0001453726 -0.0006686028 0.0013950229 -0.0006106542 0.0032122396  
-0.0000461469 -0.0001963365 -0.0002134982 0.0001453726 0.0030955520 0.0000683988 0.0009567705 -0.0004513393 0.0026037021  
-0.0000162096 -0.0000027238 -0.0000181291 -0.0006686028 0.0000683988 0.0001050817 -0.0000752827 0.0000278028 -0.0002839958  
0.0002875572 0.0001300433 0.0004161261 0.0013950229 0.0009567705 -0.0000752827 0.0043811768 -0.0023855627 0.0009737766  
-0.0001626854 -0.0000816838 -0.0002448287 -0.0006106542 -0.0004513393 0.0000278028 -0.0023855627 0.0013525944 -0.0003890299  
0.0000019500 -0.0001928970 -0.0001709392 0.0032122396 0.0026037021 -0.0002839958 0.0009737766 -0.0003890299 0.0038236670  
0.0000228413 -0.0000037163 0.0000010345 -0.0000020175 0.0000364015 0.0000031853 -0.0000816186 -0.0000232629 0.0000377539  
-0.0000037163 0.0000249942 -0.0000013758 0.0000003519 -0.0000575455 -0.0000040300 0.0001005514 0.0000288171 -0.0000577303  
0.0000010345 -0.0000013758 0.0000210427 -0.0000056437 -0.0000221116 -0.0000014870 -0.0000428262 -0.0000098094 -0.0000181996  
-0.0000020175 0.0000003519 -0.0000056437 0.0001638857 0.0006463757 0.0000214192 0.0003954722 0.0000801428 0.0005530060  
0.0000364015 -0.0000575455 -0.0000221116 0.0006463757 0.0043897046 0.0002095368 0.0007561227 0.0000110004 0.0039146913  
0.0000031853 -0.0000040300 -0.0000014870 0.0000214192 0.0002095368 0.0000377760 -0.0000318936 -0.0000225955 0.0001944885  
-0.0000816186 0.0001005514 -0.0000428262 0.0003954722 0.0007561227 -0.0000318936 0.0033135416 0.0008577216 0.0004825529  
-0.0000232629 0.0000288171 -0.0000098094 0.0000801428 0.0000110004 -0.0000225955 0.0008577216 0.0002558605 -0.0000442208  
0.0000377539 -0.0000577303 -0.0000181996 0.0005530060 0.0039146913 0.0001944885 0.0004825529 -0.0000442208 0.0035428234  
0.0000222752 -0.0000029887 0.0000013098 -0.0000117082 0.0000133589 -0.0000024560 0.0000052593 -0.0000036829 0.0000071922  
-0.0000029887 0.0000485168 0.0000002536 0.0000994027 -0.0001658021 0.0000299291 -0.0001704402 0.0000601995 -0.0001351198  
0.0000013098 0.0000002536 0.0000369882 0.0000357383 -0.0000783839 0.0000134203 -0.0001396447 0.0000579398 -0.0000756040  
-0.0000117082 0.0000994027 0.0000357383 0.0005173602 -0.0007752431 0.0001453627 -0.0010212576 0.0003877638 -0.0006505488  
0.0000133589 -0.0001658021 -0.0000783839 -0.0007752431 0.0014556101 -0.0002553567 0.0016507976 -0.0006175214 0.0012241601  
-0.0000024560 0.0000299291 0.0000134203 0.0001453627 -0.0002553567 0.0000667550 -0.0003097707 0.0001156810 -0.0002179936  
0.0000052593 -0.0001704402 -0.0001396447 -0.0010212576 0.0016507976 -0.0003097707 0.0028228388 -0.0010780913 0.0014984795  
-0.0000036829 0.0000601995 0.0000579398 0.0003877638 -0.0006175214 0.0001156810 -0.0010780913 0.0004419469 -0.0005601868  
0.0000071922 -0.0001351198 -0.0000756040 -0.0006505488 0.0012241601 -0.0002179936 0.0014984795 -0.0005601868 0.0010836166  
